# oST version 5.0 parameters


[image]

width
640

height
480

[narrow_stereo]

camera matrix
710.472650 0.000000 316.767391
0.000000 709.414547 228.552302
0.000000 0.000000 1.000000

distortion
0.146634 -0.116353 0.000064 -0.003706 0.000000

rectification
1.000000 0.000000 0.000000
0.000000 1.000000 0.000000
0.000000 0.000000 1.000000

projection
734.534783 0.000000 315.102536 0.000000
0.000000 734.958321 228.742732 0.000000
0.000000 0.000000 1.000000 0.000000
