image_width: 640
image_height: 480
camera_name: narrow_stereo
camera_matrix:
  rows: 3
  cols: 3
  data: [710.47265,   0.     , 316.76739,
           0.     , 709.41455, 228.5523 ,
           0.     ,   0.     ,   1.     ]
distortion_model: plumb_bob
distortion_coefficients:
  rows: 1
  cols: 5
  data: [0.146634, -0.116353, 0.000064, -0.003706, 0.000000]
rectification_matrix:
  rows: 3
  cols: 3
  data: [1., 0., 0.,
         0., 1., 0.,
         0., 0., 1.]
projection_matrix:
  rows: 3
  cols: 4
  data: [734.53478,   0.     , 315.10254,   0.     ,
           0.     , 734.95832, 228.74273,   0.     ,
           0.     ,   0.     ,   1.     ,   0.     ]
