# oST version 5.0 parameters


[image]

width
640

height
480

[narrow_stereo]

camera matrix
809.864117 0.000000 460.374970
0.000000 808.030416 247.451333
0.000000 0.000000 1.000000

distortion
0.133647 -0.199490 0.006375 0.000705 0.000000

rectification
1.000000 0.000000 0.000000
0.000000 1.000000 0.000000
0.000000 0.000000 1.000000

projection
828.012327 0.000000 459.592926 0.000000
0.000000 825.718890 250.049695 0.000000
0.000000 0.000000 1.000000 0.000000
