image_width: 640
image_height: 480
camera_name: a4tech_fhd_1080p_pc_camera:_a4t

camera_matrix:
  rows: 3
  cols: 3
  data: [705.0021974312423,   0.0,                 322.8117376853538,
           0.0,                701.8962613094383,  214.89821679649117,
           0.0,                  0.0,               1.0]

distortion_model: plumb_bob
distortion_coefficients:
  rows: 1
  cols: 5
  data: [0.07761027709390962, -0.008050365026449078,
         -0.013624786818909437, -0.0016068866542126535, 0.0]

rectification_matrix:
  rows: 3
  cols: 3
  data: [1.0, 0.0, 0.0,
         0.0, 1.0, 0.0,
         0.0, 0.0, 1.0]

projection_matrix:
  rows: 3
  cols: 4
  data: [724.4481811523438,   0.0,                 321.5047285187611, 0.0,
           0.0,               715.6602783203125,   209.9016260043827, 0.0,
           0.0,                 0.0,                 1.0,              0.0]

