%YAML:1.0
---
camera_matrix: !!opencv-matrix
   rows: 3
   cols: 3
   dt: d
   data: [ 1769.9767842751817, 0., 1038.8629034001412, 0.,
       1758.5401179321466, 534.73588572505093, 0., 0., 1. ]
distortion_coefficients: !!opencv-matrix
   rows: 1
   cols: 5
   dt: d
   data: [ -0.01703867068037522, 1.6164689285399254,
       -0.0020304471957141106, -0.0014182118041878213,
       -8.2797801162119313 ]
image_width: 1920
image_height: 1080
rms: 0.41998010944923192
